001011110110001001101110011000100110011001101111011100100110110100101110011000110110011101101001
00101111011000100110001000101111011010010110111001100100011001010111100000101110011100000110100001110000
0010111101110011011001010111001001110110011001010111001000101101011100110111010001100001011101000111010101110011
0010111101101110011100000110100000101101011001010111100001110000011011000110111101101001011101000111001101100011011000010110111001100111011001010111010000101110011000110110011101101001
01000011010000010100110000100000
00001011
0010111001101000011101000110110101101100001111110011000000101110
001011110110000101101110011001000111001001101111011010010110010000101111011100110110110101110011001011110111001101111001011011100110001100101110011100000110100001110000
001011110110100101101110011001100110111100110010011101110111011101110111
00101111011000110110100001100001011011100110011101100101011100000111011100101110011001010111100001100101
00101111011100000111010101110010011000110110100001100001011100110110010100101110011100000110100001110000001111110110000100111101
001011100111001001110000
0000010100101001000000000000000000000000
00101111001111110111010100111101
01010011011101010110001001101010011001010110001101110100001110100010000000111101001111110111010101110100011001100010110100111000001111110100001000111111
0010111101100111011011000110111101100010011000010110110000101110011000110110011101101001
0100100001100101011011000110110001101111001011100010111000101110
00101111011010010110111001110000011101010111010000101110011000100110000101110100
0010111101000111010101110101011101000101010000100010111001000101010110000100010100111111
001011110010111001101000011010010111001101110100011011110111001001111001
0010111101011111011101100111010001101001010111110110001001101001011011100010111101011111011101100111010001101001010111110110000101110101011101000010111101100001011101010111010001101000011011110111001000101110011001010111100001100101
001011110110010101101101011101010110110101100001011010010110110000101110011000110110011101101001
001011110110100101101110011100110111010001100001011100000110100100101110011100000110100001110000001111110110100101100100010011010110101100111101
011001000110001001101101011100110101111101110010011001010111000001100011011000010111010000101110011000010110010001100100010111110111000001110010011010010110111101110010011010010111010001111001010111110110111001100011011010000110000101110010
0010111100110000001011110010000001001000010101000101010001010000001011110011000100101110
01000001010001000100110101001001010011100100100101010011010101000101001001000001010101000100111101010010
01010100010001010101001001001101001111010111100001110100011001010111001001101101
00101111011011010111001101100100011000010110001100101111
00111111010100000110000101100111011001010101001101100101011100100111011001101001011000110110010101110011
0101010101110011011001010111001000101101010000010110011101100101011011100111010000111010001000000100110101101001011011100110010001110011011100000110000101110010011010110010000001001101010010010101000000100000
0100100001101111011100110111010000111010001000000110110101100010011001100110001101100101001100100011010001110010011001110110111000110110001101010110001001111000001100110110011100101110
000110000000001100000011
0010111101101010011100110010111101100100011010010111001101100001011000100110110001100101001011100110101001110011001111110111010001111001011100000110010100111101
01000110011100100110000101100111
0000000000000000000000000001000111010000000000000000000000000000
00110001001000000110011001101001011011000110010100101000011100110010100100100000011000110110111101110000011010010110010101100100
0011000000110000
00101111011100110110010101100001011100100110001101101000001110010011011100101110011101100111010001110011
010100000100111101010011010101000010000000101111
001011110111001101100011011100100110100101110000011101000111001100101111010001100111000001100001011001000110110101100011011001110110100100101110011001010111100001100101
0010111101101111011011100111001001100101011100010111010101100101011100110111010001100101011011100110010000101110011000110110011001101101
001001010100000101010000010100000100010001000001010101000100000100100101
00101111011100000110111101110011011101000010111101100101011000110110100001101111
010000110110111101101111011010110110100101100101001110100010000001100011011000010110001101101000011001010011110101100011011000110011001000111101
010101000100100101001101010001010101111101011010010011110100111001000101
00101111011001100110111101110010011011010011001001110010011000010111011100101110011000110110011101101001
0101001001001110010001100101001000100000
0010111001100101011110000110010100100000010010000101010001010100010100000010111100110001001011100011000000001101000010100100100001101111011100110111010000111010
00101111011000100010111101101001011011100110010001100101011110000010111001110000011010000111000000111111011010010110010000111101
001011110110010101100011011010000110111100101110011000100110000101110100
00101111010000110101001101001101011000010110100101101100011101000110111100101110011000110110011101101001
011000110111001001100101011000010111010001100101001000000111010001100001011000100110110001100101
011001110111001001100001011011100111010000100000
01101010011000010111011001100001011100110110001101110010011010010111000001110100001110100010111100101111
0110010001100010011011010111001101011111011100100110010101110000011000110110000101110100001011100110000101101100011101000110010101110010010111110111000001110010011010010110111101110010011010010111010001111001
0111010001100011011100000110010001100001011101000110000101111100
001011110111000001110010011011110110101100101111
001111010010000001001000010101000101010001010000001011110011000100101110
0010111101101001011011100111000001110101011101000010111001100010011000010111010001111100
0101000001001011
00111100011010010110011001110010011000010110110101100101
01010101011100110110010101110010001011010100000101100111011001010110111001110100001110100010000001010111011010010110111001001000011101000111010001110000010000110110110001101001011001010110111001110100
010000110110111101101110011011100110010101100011011101000010111001110000011010000111000000111111011010010110010000111101
11111111000000010000000000000000000000000000000000000001
0010111001110011011101110110011000111111
000000110000000000000001
010000110100001101000011010000110100001101000011010000110100001101000011010000110100001101000011010000110100001101000011010000110100001101000011010000110100001101000011010000110100001101000011
011100110110110001100101011001010111000001111100
00101111011100100110010101100111011010010111001101110100011001010111001000101110011000110110011101101001
01110000011011110110111001100111
001011110110001101100001011011000110010101101110011001000110010101110010010111110110000101100100011011010110100101101110001011100111000001101100
011101010111001101100101011100100101111101110100011000010110001001101100011001010111001101110000011000010110001101100101
001011100111000001101000011100000011111101101101011001010111010001101000011011110110010000111101
111111100101001101001101010000100100000000000000
1111111101010011010011010100001001110011
001011110110111101110010011001000110010101110010011100110010111101100011011010000110010101100011011010110111001100101110011101000111100001110100
000101100000001100000000
001011110110001101100001011101000110000101101100011011110110011100101110011011100111001101100110
010100110111010001101111011011110110011101010010
001011110110001101100110011000110110000101100011011010000110010100101110011011010110000101110000
001011110110100101101110011100110111010000111111
0010111101100100011010010111001001100101011000110111010001101111011100100111100100101110011100000110100001110000
00101111011010000110100100101110011000110110011101101001
001011110110110001101111011000110110101101111001011000110111001001111001011100000111010000101110011100100110000101110010
001011110111001101101000011011110111000000101110011000110110011101101001
00101111011101110110010101100010001011110110011101101111011011110110011101101100011001010101111101100001011011100110000101101100011110010111010001101001011000110111001100101110011100000110100001110000
010000010110001101110101011011100110010101110100011010010111100000101101
01001000011011110111001101110100001110100010000000110010001100000011100100101110001101010011001100101110001100010011000100110011001011100011001000110010001100110000110100001010
000101110000001100000011
01110011011100000110111101101111011001100111011101101111011100100110101101110011
0010111101100001011110000111001100101110011000110110011101101001
0010111100101110001011100010111000101110
0100001101101111011011010110110101100001011011100110010000100000011000110110111101101101011100000110110001100101011101000110010101100100
00110010001100100011000100100000010001110110111101101111011001000110001001111001011001010010000001101000011000010111000001110000011110010010000001110010001100000011000001110100011010010110111001100111
0010111101100100011101100111011101110011011100110111001000101110011001000110110001101100
0010111101100111011101010110010101110011011101000110001001101111011011110110101100101110011000110110011101101001
001011110110110101100001011010010110110001101100011010010111001101110100001011100111000001101100
0010111101110110011011100110001101110110011010010110010101110111011001010111001000101110011010100110000101110010
001011110110001001100010001011010110100001101111011100110111010001110011011101100110001100101110011100110110100000111111
0101001001000011010100000101010000100000010101000100111100111010
0111001001100011011100000111010000100000011101000110111100111010
0010111101100101011011100111011001101001011100100110111101101110001011100111000001101100
011100000110010001100110010111110110010101100110011000010111100001011111
0010111101011001011000010100001001000010
0110000101100011011101000110100101110110011000010111010001100101
0010111100110000001100000011000000101110011010100111000001100111
01010101010100000100010001000001010101000100010101111100
001011110110000100110001011100110111010001100001011101000111001100101111
00101111010101100111001101010011011001010111010001000011011011110110111101101011011010010110010100101110011001010111100001100101
001011110100110101110011011011010100110101100001011100110110101100101110011001010111100001100101
00101111011101000110100001101001011011100110111001100101011100100010111101110100011010000111010101101101011000100011111101101001011011010110011100111101
0010111101110101011100000110110001101111011000010110010000101111011011010110111101100100011101010110110001100101
01111010100011011001101111011100
00101111011000110110011001100100011011110110001101110011001011110111001101101110011010010111000001110000011001010111010001110011001011110110011001101001011011000110010101100101011110000110100101110011011101000111001100101110011000110110011001101101
010111110101000001001000010100000100110001001001010000100101101101101100011010010110001001100100011010010111001001011101
00101111011000110110111101101101011011010110010101110010011000110110010100101110011000110110011101101001
0010111101000001011001000110110101101001011011100110100001110100011011010110110001011111
0101010101110011011001010111001000101101010000010110011101100101011011100111010000111010
00101111011001000110111001110011011101000110111101101111011011000111001100101110011100000110100001110000
0010111101110111011010010110111001100100011011110111011101110011001011110111010101110000011001000110000101110100011001010010111101110011011001010110000101110010011000110110100000111111011010000110110000111101
00101111011001100110100101101110011001110110010101110010
0010111101100011011001110110100100101101011000100110100101101110001011110110101001101010
001011110110001101101000011001010110001101101011011101010111000001100100011000010111010001100101
001011110110000101100100011011010110100101110011011000010111000001101001001011110110011001110000011000010110010001101101011010010110111000101110011010000111010001101101
01100100011000100110110101110011010111110111001001100101011100000110001101100001011101000010111001100100011001010110011001101001011011100110010101011111011000110110111101101100011101010110110101101110010111110110011101110010011011110111010101110000
01101001011011100111001101110100011000010110110001101100001011110111010101110000011001110111001001100001011001000110010100101110011100000110100001110000
0010111101110111011010000110010101110010011001010110000101101101011010010010111001100011011001110110100100111111
00101111011000100110000101100011011010110111010101110000
001011110111000001100001011001110110010101101100011011110110011100101110011000110110011101101001
001011110110110101110010011101000110011100101110011000110110011101101001
00101111011001100111001001101101010000110110111101101101011100000110111101110011011001010010111001100001011100110111000001111000
01000001010100000101000001000101
01010010011001010110011001100101011100100110010101110010001110100010000001001000010101000101010001010000001011110011000100101110001100000000110100001010
00101111011100000110111101110000011101010111000000101110011100000110100001110000
0010111101100001011001000110110101101001011011100010111001110000011010000111000000110011
00101110011100000110000101110101011100110110010101000001011011100110100101101101011000010111010001101001011011110110111001110011
0010111101100001011001000110110101101001011011100101111101101100011011110110011101101111011101010111010000101110011100000110100001110000
00101111011101010110110000101110011010000111010001101101
010100000101010101010100
00001000011011110110100001110100011010000110010101101001011001110110100000000010011000110110001100000000
111111110101001101001101010000100111001100000000000000000000000000000000
01001000010001010100110001010000
00101111011001000110111101100101011001000110100101110100011101100110111101110100011001010111001100101110011000110110011101101001
01110000011000010111001101110011001000000111011101101000001100000011000001110100
0001100000000011000000100000000000000011000000010100000000000000
01010111011000010111001101101000011010010110111001100111010101000110111101101110
00101111011010010110111001110100011100100110000101101110011001010111010000101111
00101111011001010110010001101001011101000101111101100001011000110111010001101001011011110110111000101110011000110110011101101001
001011110101001101100001011011010111000001101100011001010101111101110011011010000110111101110111011000110110111101100100011001010010111001101000011101000110110101101100
010101110100100101001110010001000100100101010010
001011110111001101100101011000010111001001100011011010000010111001100011011001110110100100111111
00101111011000010110011001110010001011100111000001101000011100000011111101111010011011110110111001100101011010010110010000111101
0111001101111001011100110010111001100100011000100110110101110011010111110111001001100101011100000110001101100001011101000101111101110010011100010010111001100001011001000110010001011111011000110110111101101100011101010110110101101110
001011110111000001101001011011100110011100101110011000010111001101101000011110000011111101100001011000110111010001101001011011110110111000111101
0010111101000111011011000110111101100010011000010110110001000110011101010110111001100011011101000110100101101111011011100111001100101110011100000110100001110000
001011110110010001100011011001100110111101110010011101010110110100101110011000110110011101101001
00100110011010010110111001110100011010010111000000111101
00101111011100110110100101110100011001010010111101100101011001110010111101110011011011110111010101110010011000110110010100101110011000010111001101110000
0110111001100101011101110111001101101100011001010111010001110100011001010111001000101110011100000110100001110000
011011000110111101100111011010010110111000111010
0010111101000011011011110110111001100110011010010110011100101110011101000111100001110100
0011000000110001001100100011001100110100001101010011011000110111001110000011100101100001011000100110001101100100011001010110011001100111011010000110100101101010011010110110110001101101011011100110111101110000011100010111001001110011011101000111010101110110
010010100100111101001001010011100010000000100011011000100110100101111010001000000110000101100010011000110000110100001010
010101000111001001100001011011100111001101101100011000010111010001100101001110100010000001000110
010101110111010001111010011101010111000000100000010101010111001101100101
00101110011101110110110101111010
0110010001100010011011010111001101011111011100100110010101110000011000110110000101110100001011100110000101101100011101000110010101110010010111110111000001110010011010010110111101110010011010010111010001111001010111110110111001100011011010000110000101110010
0010111101100111011000110111001100111111011000010110110001110000011010000110000100111101
0100011001010100010100000100111101001110
00000000000000011000011110011001
01001110010011000101001101010100
00101111011000110110011101101001001011010110001001101001011011100010111101100011011001110110100100101110011000110110011101101001
001011110111001101101000011011110111000001110011011001010110000101110010011000110110100000101110011000010111001101110000
01100011011000010111010000100000
0010111101001110011001010111011101110011001011110110011101100001011101000110010100101110011100000110100001110000
0010111101100001011001000111001101100001011011010111000001101100011001010111001100101111011000110110111101101110011001100110100101100111001011110111001101101001011101000110010100101110011000110111001101100011
011010010111000000101101011101110110100001101111001011010110100101110011001011100110001101101111011011010000110100001010
0101011001101111011011000111010101101101011001010010000001010011011001010111001001101001011000010110110000100000010011100111010101101101011000100110010101110010
0010111001100010011000010111010000111111
0010111100110001001011110011011001100010001011010011010100110101001110000011011000111001001101000011011100110000001101010011000100110010001110010110001000110000001100010110001100110000
010000110100110101000100
0110011001110101011011000110110001111100
0010111101101101011010010110111001100101011100100110010000101110011001010111100001100101
001011100010111000101111
001001010101001101111001011100110111010001100101011011010101001001101111011011110111010000100101
001101010011010100110000001000000011010100101110001101110010111000110001
0010111101101001011010010111001101100001011001000110110101110000011101110110010000101111011000010110010101111000011100000011001000101110011010000111010001110010
001011110100001101010110010100110010111101000101011011100111010001110010011010010110010101110011
00101111011101110110010101100010011100000110110001110101011100110010111001100101011110000110010100111111
001011110110100101101111011011100010110101110000
0010010101000011010011110100110101001101010011110100111001010000010100100100111101000111010100100100000101001101010001100100100101001100010001010101001100100101
001011110110100101101110011100110110010101110010011101000010111001101001011011100110001100101110011100000110100001110000
01100100011000100110110101110011010111110111001001100101011100000110001101100001011101000010111001110000011101010111001001100111011001010101111101110011011101000110000101110100011010010111001101110100011010010110001101110011
000101110000001100000000
011000110111001001100101011000010111010001100101
01100100011000100110110101110011010111110111001001100101011100000110001101100001011101000010111001110011011001010111010001011111011011000110111101100011011000010110110001011111011001100110110001100001011101100110111101110010
01110010011011010110011101110010011011110111010101110000
00101110011000110110111001100110
001011110100011001110100011100000101001101100001011101100110010101000011010101100101000000101110011001000110110001101100
001011110110010101101110011101100110111101110101011101000010111001100010011000010111010001111100
00101111011000010111100000101101011000010110010001101101011010010110111000101110011000110110011101101001
01011000010011010100101101000100
001011100111000001101100
0110000101101100011101000110010101110010
0011110001010011010011100100000101010000010100010101010101001111010101000100010100111110
010100100100010101001110010000010100110101000101
001011110110101001110011011100000010111101110011011011100111000000101111
0100001101000110010111110101001101000101010101000100010001000001010101000100000101010011010011110101010101010010010000110100010101010101010100110100010101010010010011100100000101001101010001010010100000101001
011001000110000101110100011000010111000001101111011100110111010001111100
01100011011001000010111000101110
01101110011001010111010000101110011001010111100001100101
011100000110000101110011011100110111011101101111011100100110010000111101011001110011000000110000011001000101000001100001001001000010010001110111001100000111001001000100
01111011000010000010101000101010
0100010101011000010001010100001101010101010101000100010101011111010100110101100101010011010101000100010101001101
00101111011101000111001001100001011000110110010100101110011000010111100001100100
0010111101101101011000010110001000101110011011100111001101100110
00100000001011100111000001101100
0010111101110011011001000110001001110011011001010110000101110010011000110110100000101110011000110110011101101001
0000001101110001011011110111011000000010011010000111010100000011011000110110111101101101
00101111011100100110010101100111011010010111001101110100011001010111001000101110011001000110110001101100
01010000010000010101010000100000
00101111011101010111000001101100011011110110000101100100011010010110110101100001011001110110010100101110011100000110100001110000
00101110011100000110100001110000
001001010101000001000001010101000100100001000101010110000101010000100101
0011100000000000000000000000000011110101000100111000100101010011
0010111101011111011000010110010001101101011010010110111000101111
00100101010101010101001101000101010100100101000001010010010011110100011001001001010011000100010100100101
0010111101011111011100000111001001101001011101100110000101110100011001010010111101101111011100100110010001100101011100100111001100101110011010000111010001101101
0111001001101111011101000110100101101110011000010011110101110000011011000110111101100111011010010110111000100110011011000110111101100111011010010110111000111101
0010111101110000011010000111000000101110011000110110011101101001
01000001010100000100111101010000
00101111001011100010111000101111001011100010111000101111
0010111101110110011010010111000000101110011010100111000001100111
001011110110111001100101011101110010111101100001011011000110110001011111011001100110100101101100011001010101111101101001011011100110011001101111001100010010111001110000011010000111000000111111
00000101011001100110000101110011011101000011100000000111011010000110111101101101011001010110011001110100011100000000001101101111011100100110011100000000
0100011101000101010101000010000000101111001000000100100001010100010101000101000000101111001100010010111000110001
001011110101111101110110011101000110100101011111011100100111000001100011
001011110111001101110100011011110111001001111001001011100111000001101100
01100100011000100110110101110011010111110111001001100101011100000110001101100001011101000010111001100011011011110110110101101101011001010110111001110100010111110110111101101110010111110111001001100101011100000111001101101001011101000110010101110011
001011100111101001101111011011000110110001100001011100100110010000101111
1111111101010011010011010100001010100000
001011110110001101100111011001100110111101110010011101010110110100101110011000110110011101101001
011001000110001001101101011100110101111101110010011001010111000001100011011000010111010000101110011000010110010001100100010111110110011101110010011011110111010101110000011001010110010001011111011000110110111101101100011101010110110101101110
00101111011000010110010001101101011010010110111001011111011100000110000101110011011100110111011101101111011100100110010000101110011100000110100001110000
0010111101110010011001010110000101100100011011010110010100101110011001010110110101101100
0010111101101000011000010110111001100100011011000110010101110010
001011110101001001100101011000110110111101110110011001010111001001101001011001010111001100101111010011110101001101001011011001010111100100101110011101000111100001110100
01100110011101000111000000101110011001010111100001100101
00000011011101110111011101110111000001010110011101101000011010100110011101100110000001000110100101101110011001100110111100000000
01001101011011110110010001100101001111010110010001100101011000100111010101100111
0110011001101111011100100111010101101101010111110110010001100101011101000110000101101001011011000111001100101110011100000110100001110000
001011110111001001100001011011100110010001101111011011010011011100110101001100000111100000110111001101010011000000101110011010100111000001100111001111110111100000111101
0100000001000000
0010111101100100011011010111001100110000
001110000011010100110110
00101111011010000111010001110100011100000110111101100100011000100110001100101110011001000110110001101100
